ENSG00000211459.2	4	478	-6.58195
ENSG00000253333.1	0	73	-6.20945
ENSG00000091129.22	0	66	-6.06609
ENSG00000277739.1	0	56	-5.83289
ENSG00000210082.2	19	1127	-5.81762
ENSG00000211803.2	0	38	-5.2854
ENSG00000211821.2	1	74	-5.22882
ENSG00000120645.12	0	34	-5.12928
ENSG00000211810.3	0	34	-5.12928
ENSG00000120875.9	0	33	-5.08746
ENSG00000233387.3	0	32	-5.04439
ENSG00000234323.10	0	31	-5
ENSG00000040608.14	0	30	-4.9542
ENSG00000117215.15	0	28	-4.85798
ENSG00000166736.12	0	27	-4.80735
ENSG00000185483.13	0	27	-4.80735
ENSG00000154734.16	0	26	-4.75489
ENSG00000154736.6	0	26	-4.75489
ENSG00000133067.18	0	25	-4.70044
ENSG00000211767.1	1	50	-4.67243
