ENSG00000180113.16	33	0	5.08746
ENSG00000168779.21	33	0	5.08746
ENSG00000261888.1	31	0	5
ENSG00000112333.12	29	0	4.90689
ENSG00000099998.19	80	2	4.75489
ENSG00000274008.1	52	1	4.72792
ENSG00000237927.1	23	0	4.58496
ENSG00000204936.10	5399	237	4.50393
ENSG00000244451.1	18	0	4.24793
ENSG00000096006.12	245	12	4.24207
ENSG00000272396.1	16	0	4.08746
ENSG00000204791.13	16	0	4.08746
ENSG00000181458.10	16	0	4.08746
ENSG00000079385.23	5119	312	4.03191
ENSG00000176046.9	48	2	4.02975
ENSG00000241597.2	15	0	4
ENSG00000118113.12	169	10	3.94996
ENSG00000283646.2	14	0	3.90689
ENSG00000254521.7	14	0	3.90689
ENSG00000253190.4	14	0	3.90689
